-0.6977712388137589
-0.3418841966241888
-0.3085772539993766
-0.1586679489993277
-0.1586679489993277
-0.1586679489993277
-0.15475551559747508
-0.009846401297861825
-0.009846401297861825
-0.009846401297861825
0.07807725596313178
0.07807725596313178
0.07807725596313178
0.07807725596313178
0.07807725596313178
0.16321759910331848
0.16321759910331848
0.16761689915706252
0.16761689915706252
0.16761689915706252
0.16761689915706252
0.16761689915706252
0.16761689915706252
0.16761689915706252
0.16761689915706252
0.16761689915706252
0.16761689915706252
0.16761689915706252
0.16761689915706252
0.16761689915706252
0.16761689915706252
0.16761689915706252
0.16761689915706252
0.16761689915706252
0.17804444710222345
0.17804444710222345
0.17809625311302274
0.17809625311302274
0.17809625311302274
0.18141910734589708
0.18141910734589708
0.18141910734589708
0.18141910734589708
0.18141910734589708
0.18141910734589708
0.18141910734589708
0.18141910734589708
0.18141910734589708
0.18141910734589708
0.18141910734589708
0.1963535775454019
0.1963535775454019
0.22102881011327455
0.22102881011327455
0.22102881011327455
0.22102881011327455
0.22102881011327455
0.22356439841658424
0.22356439841658424
0.22356439841658424
0.22356439841658424
0.22356439841658424
0.22356439841658424
0.22356439841658424
0.23520975426646526
0.23520975426646526
0.23520975426646526
0.23520975426646526
0.23520975426646526
0.23520975426646526
0.23520975426646526
0.23520975426646526
0.23520975426646526
0.23520975426646526
0.23520975426646526
0.23520975426646526
0.23942079038350325
0.23942079038350325
0.23942079038350325
0.23942079038350325
0.23942079038350325
