-1.191312224060192
-0.9866298624096513
-0.9232399824580522
-0.7311358834791418
-0.7311358834791418
-0.6457327515546777
-0.6457327515546777
-0.6457327515546777
-0.6457327515546777
-0.6457327515546777
-0.6457327515546777
-0.6457327515546777
-0.6254946079192614
-0.24849677477479437
-0.24849677477479437
-0.24849677477479437
-0.24849677477479437
-0.24849677477479437
0.2718619212148421
0.2718619212148421
0.2718619212148421
0.2718619212148421
0.2718619212148421
0.2718619212148421
0.2718619212148421
0.2718619212148421
0.2918847657625607
0.2918847657625607
0.5831905852889894
0.5831905852889894
0.5831905852889894
0.5831905852889894
0.5831905852889894
0.5831905852889894
0.5831905852889894
0.5831905852889894
0.5831905852889894
0.5905043061353463
0.5905043061353463
0.5905043061353463
0.5905043061353463
0.5905043061353463
0.5905043061353463
0.5905043061353463
0.5905043061353463
0.5905043061353463
0.5905043061353463
0.5905043061353463
0.5905043061353463
0.5905043061353463
0.5905043061353463
0.5905043061353463
0.5905043061353463
0.6075245679824781
0.6075245679824781
0.6075245679824781
0.6075245679824781
0.6075245679824781
0.6075245679824781
0.6075245679824781
0.7403088608476588
0.7403088608476588
0.7403088608476588
0.7403088608476588
0.7403088608476588
0.7403088608476588
0.7403088608476588
0.7403088608476588
0.7403088608476588
0.7403088608476588
0.7403088608476588
0.7403088608476588
0.7403088608476588
0.7403088608476588
0.7403088608476588
0.7403088608476588
0.7403088608476588
0.7403088608476588
0.7403088608476588
0.7403088608476588
0.7403088608476588
