-1.0117632954538847
-0.8657691779594491
-0.6721550907300418
-0.18070693110910474
-0.018223777773623048
-0.018223777773623048
-0.018223777773623048
-0.005031123400675947
-0.0002694323409811871
-0.0002694323409811871
0.0004519849235924348
0.0008288813151590462
0.0008288813151590462
0.0008288813151590462
0.0008288813151590462
0.06206350242520306
0.06206350242520306
0.06206350242520306
0.06206350242520306
0.06206350242520306
0.06206350242520306
0.06206350242520306
0.1151703283589091
0.1151703283589091
0.1151703283589091
0.1554366681316582
0.1554366681316582
0.1554366681316582
0.1554366681316582
0.1554366681316582
0.1554366681316582
0.1554366681316582
0.1554366681316582
0.20289460429158637
0.20289460429158637
0.20289460429158637
0.20289460429158637
0.20289460429158637
0.20289460429158637
0.20289460429158637
0.20289460429158637
0.20289460429158637
0.20289460429158637
0.20289460429158637
0.20289460429158637
0.20289460429158637
0.20289460429158637
0.2119127640208586
0.2119127640208586
0.2119127640208586
0.2119127640208586
0.3037408636883602
0.3037408636883602
0.3463587078023983
0.43100046781782636
0.43100046781782636
0.43100046781782636
0.46201286071393427
0.46201286071393427
0.46201286071393427
0.46201286071393427
0.46201286071393427
0.46201286071393427
0.46201286071393427
0.46201286071393427
0.4990508521094956
0.5240019528090099
0.5240019528090099
0.5240019528090099
0.5240019528090099
0.5240019528090099
0.5433760106296291
0.5433760106296291
0.5433760106296291
0.5433760106296291
0.5433760106296291
0.5433760106296291
0.7752277614627741
0.7752277614627741
0.7752277614627741
0.7752277614627741
