-1.8672321082612462
-1.6143095542266421
-1.6143095542266421
-1.5870458466785
-0.268778474051949
-0.12520824937375744
-0.07480552706863527
-0.04573998364024029
-0.04573998364024029
-0.04573998364024029
-0.04573998364024029
-0.04573998364024029
-0.04573998364024029
-0.04573998364024029
-0.04573998364024029
-0.0013700916456158268
-0.0005187062933299103
0.0013944604181621145
0.0030746993074804076
0.0030746993074804076
0.0045384144724964475
0.1947309083596273
0.1947309083596273
0.1947309083596273
0.1947309083596273
0.1947309083596273
0.2494779252978544
0.2494779252978544
0.2494779252978544
0.2939688205018996
0.2939688205018996
0.2939688205018996
0.2494779252978544
0.2494779252978544
0.2494779252978544
0.2939688205018996
0.2939688205018996
0.2939688205018996
0.2939688205018996
0.2939688205018996
0.2939688205018996
0.29994549502969936
0.29994549502969936
0.29994549502969936
0.29994549502969936
0.29994549502969936
0.29994549502969936
0.29994549502969936
0.31164578646078067
0.31164578646078067
0.31164578646078067
0.31164578646078067
0.352699048234015
0.352699048234015
0.352699048234015
0.352699048234015
0.352699048234015
0.352699048234015
0.352699048234015
0.352699048234015
0.352699048234015
0.352699048234015
0.352699048234015
0.352699048234015
0.352699048234015
0.352699048234015
0.352699048234015
0.352699048234015
0.352699048234015
0.352699048234015
0.352699048234015
0.352699048234015
0.3656585622149119
0.3656585622149119
0.3656585622149119
0.3656585622149119
0.3656585622149119
0.3656585622149119
0.3656585622149119
0.3656585622149119
0.3656585622149119