-1.0878833665102698
-0.6368801790227079
-0.5125753852130059
-0.4111159650086632
-0.4111159650086632
-0.4111159650086632
-0.29615884904509454
-0.29615884904509454
0.04098283738906176
0.04098283738906176
0.1770548033597303
0.1770548033597303
0.1770548033597303
0.1770548033597303
0.1770548033597303
0.1770548033597303
0.1770548033597303
0.3403203521375963
0.3403203521375963
0.9356233202051689
0.9356233202051689
0.9356233202051689
0.9356233202051689
0.9356233202051689
0.9356233202051689
0.9356233202051689
0.9356233202051689
0.9356233202051689
0.9356233202051689
0.9356233202051689
0.9356233202051689
0.9356233202051689
0.9356233202051689
0.9356233202051689
1.3521867703855217
1.3521867703855217
1.3521867703855217
1.3521867703855217
1.3521867703855217
1.3521867703855217
1.3521867703855217
1.3521867703855217
1.3521867703855217
1.3521867703855217
1.3521867703855217
1.3521867703855217
1.3521867703855217
1.3521867703855217
1.357743217451767
1.357743217451767
1.357743217451767
1.357743217451767
1.357743217451767
1.357743217451767
1.357743217451767
1.357743217451767
1.357743217451767
1.6626774337406944
1.6626774337406944
1.6626774337406944
1.6626774337406944
1.6626774337406944
1.8260053391651918
1.8260053391651918
1.8260053391651918
1.8260053391651918
1.8260053391651918
1.8260053391651918
1.8260053391651918
1.8260053391651918
1.8260053391651918
1.9604907951714252
1.9604907951714252
1.9604907951714252
1.9604907951714252
1.9604907951714252
1.9604907951714252
1.9604907951714252
1.9604907951714252
1.9604907951714252
1.9604907951714252
